17
7
5
14
16
24
18
14
12
9
5
22
21
27
7
19
27
7
26
14
16
22
24
15
15
12
27
10
24
14
10
9
26
20
12
12
4
6
9
5
13
29
7
13
8
8
24
25
10
11
7
15
5
16
25
22
2
23
8
9
20
19
21
2
14
7
25
13
25
5
11
5
7
8
8
10
6
7
6
15
7
5
9
7
11
26
12
6
18
15
14
6
4
7
19
9
8
10
14
12
15
11
15
11
22
17
14
19
7
25
8
9
17
4
4
25
22
27
18
10
13
5
19
2
24
6
7
6
8
25
19
24
7
8
16
12
17
9
13
21
10
9
4
9
24
8
16
3
4
10
14
3
24
27
18
8
23
6
7
7
6
14
22
5
23
12
14
6
25
22
15
25
9
4
18
17
16
17
19
8
6
14
14
17
5
17
24
18
27
9
5
26
24
26
